{
 "cells": [
  {
   "cell_type": "code",
   "execution_count": 12,
   "metadata": {},
   "outputs": [
    {
     "name": "stdout",
     "output_type": "stream",
     "text": [
      "Macierz inwolucyjna M:\n",
      "tensor([[ 0.4406, -0.0910, -0.2629, -0.3710, -0.5047, -0.5798],\n",
      "        [-0.0910, -0.9789, -0.0882,  0.0116,  0.1588, -0.0212],\n",
      "        [-0.2629, -0.0882,  0.6110,  0.4634, -0.4393, -0.3769],\n",
      "        [-0.3710,  0.0116,  0.4634, -0.7783,  0.1561, -0.1317],\n",
      "        [-0.5047,  0.1588, -0.4393,  0.1561,  0.3519, -0.6155],\n",
      "        [-0.5798, -0.0212, -0.3769, -0.1317, -0.6155,  0.3538]])\n",
      "\n",
      "M * M:\n",
      "tensor([[ 1.0000e+00, -1.1828e-07, -8.9407e-08, -1.7881e-07, -2.9802e-08,\n",
      "          1.4901e-08],\n",
      "        [-1.1828e-07,  1.0000e+00,  0.0000e+00, -2.1211e-07, -3.6322e-08,\n",
      "         -1.2247e-07],\n",
      "        [-8.9407e-08,  0.0000e+00,  1.0000e+00, -7.4506e-09,  1.0431e-07,\n",
      "         -1.6391e-07],\n",
      "        [-1.7881e-07, -2.1211e-07, -7.4506e-09,  1.0000e+00, -8.1956e-08,\n",
      "         -2.7567e-07],\n",
      "        [-2.9802e-08, -3.6322e-08,  1.0431e-07, -8.1956e-08,  1.0000e+00,\n",
      "         -2.9802e-07],\n",
      "        [ 1.4901e-08, -1.2247e-07, -1.6391e-07, -2.7567e-07, -2.9802e-07,\n",
      "          1.0000e+00]])\n",
      "\n",
      "Różnica między M * M a macierzą jednostkową:\n",
      "6.556510925292969e-07\n",
      "\n",
      "Losowa macierz R:\n",
      "tensor([[-0.4880,  1.1914, -0.8140, -0.7360, -0.8371, -0.9224],\n",
      "        [ 1.8113,  0.1606, -0.0978,  1.8446, -1.1845,  1.3835],\n",
      "        [-1.2024,  0.7078, -1.0759,  0.5357,  0.3466, -0.1973],\n",
      "        [-1.0546,  1.2780,  0.7281, -0.7106, -0.6021,  0.9604],\n",
      "        [ 0.4048, -1.3543, -0.4976,  0.4747, -0.1976,  1.2683],\n",
      "        [ 1.2243,  0.0981,  1.7423, -1.3527,  0.2191,  0.5526]])\n",
      "\n",
      "R * M:\n",
      "tensor([[ 1.1209, -1.1719, -0.0998,  0.3813,  0.9513,  0.8504],\n",
      "        [-0.0794, -0.5092,  0.3036, -2.5182, -1.8262, -0.0411],\n",
      "        [-0.5706, -0.4231, -0.2334, -0.3811,  1.5190,  0.7340],\n",
      "        [-0.7616, -1.3434,  0.1825,  1.0761, -0.4986,  1.1139],\n",
      "        [-0.3793,  1.2801, -0.4623, -0.9639, -0.9768,  0.4893],\n",
      "        [ 0.1433, -0.3538, -0.1973,  1.3686, -1.8420, -1.1298]])\n",
      "\n",
      "R * M * M (powinno być równe R):\n",
      "tensor([[-0.4880,  1.1914, -0.8140, -0.7360, -0.8371, -0.9224],\n",
      "        [ 1.8113,  0.1606, -0.0978,  1.8446, -1.1845,  1.3835],\n",
      "        [-1.2024,  0.7078, -1.0759,  0.5357,  0.3466, -0.1973],\n",
      "        [-1.0546,  1.2780,  0.7281, -0.7106, -0.6021,  0.9604],\n",
      "        [ 0.4048, -1.3543, -0.4976,  0.4747, -0.1976,  1.2683],\n",
      "        [ 1.2243,  0.0981,  1.7423, -1.3527,  0.2191,  0.5526]])\n",
      "\n",
      "Różnica między R a R * M * M:\n",
      "1.5497207641601562e-06\n"
     ]
    }
   ],
   "source": [
    "import torch\n",
    "\n",
    "# Ustawiamy ziarno dla powtarzalności wyników\n",
    "torch.manual_seed(42)\n",
    "\n",
    "# Generujemy nietrywialną macierz inwolucyjną 6x6\n",
    "def generate_involutory_matrix():\n",
    "    # Tworzymy losową macierz ortogonalną\n",
    "    A = torch.randn(6, 6)\n",
    "    Q, _ = torch.linalg.qr(A)\n",
    "    \n",
    "    # Tworzymy macierz diagonalną z 1 i -1\n",
    "    D = torch.diag(torch.tensor([1., -1., 1., -1., 1., -1.]))\n",
    "    \n",
    "    # Tworzymy macierz inwolucyjną\n",
    "    M = Q @ D @ Q.T\n",
    "    \n",
    "    return M\n",
    "\n",
    "# Generujemy macierz inwolucyjną\n",
    "M = generate_involutory_matrix()\n",
    "\n",
    "print(\"Macierz inwolucyjna M:\")\n",
    "print(M)\n",
    "\n",
    "# Sprawdzamy, czy M * M = I\n",
    "I = torch.eye(6)\n",
    "MM = M @ M\n",
    "print(\"\\nM * M:\")\n",
    "print(MM)\n",
    "print(\"\\nRóżnica między M * M a macierzą jednostkową:\")\n",
    "print(torch.abs(MM - I).max().item())\n",
    "\n",
    "# Generujemy losową macierz 6x6\n",
    "R = torch.randn(6, 6)\n",
    "print(\"\\nLosowa macierz R:\")\n",
    "print(R)\n",
    "\n",
    "# Mnożymy R przez M dwukrotnie\n",
    "RM = R @ M\n",
    "RMM = RM @ M\n",
    "\n",
    "print(\"\\nR * M:\")\n",
    "print(RM)\n",
    "print(\"\\nR * M * M (powinno być równe R):\")\n",
    "print(RMM)\n",
    "print(\"\\nRóżnica między R a R * M * M:\")\n",
    "print(torch.abs(R - RMM).max().item())"
   ]
  },
  {
   "cell_type": "code",
   "execution_count": 1,
   "metadata": {},
   "outputs": [
    {
     "name": "stdout",
     "output_type": "stream",
     "text": [
      "Loss before backward: tensor(36.4828, grad_fn=<MseLossBackward0>)\n",
      "Gradient of weight before backward: None\n",
      "Gradient of weight after backward: tensor([[-26.0845]])\n",
      "Weight after optimization step: Parameter containing:\n",
      "tensor([[-0.3291]], requires_grad=True)\n"
     ]
    }
   ],
   "source": [
    "import torch\n",
    "\n",
    "# Prosty model liniowy\n",
    "class SimpleModel(torch.nn.Module):\n",
    "    def __init__(self):\n",
    "        super().__init__()\n",
    "        self.linear = torch.nn.Linear(1, 1)\n",
    "    \n",
    "    def forward(self, x):\n",
    "        return self.linear(x)\n",
    "\n",
    "model = SimpleModel()\n",
    "criterion = torch.nn.MSELoss()\n",
    "optimizer = torch.optim.SGD(model.parameters(), lr=0.01)\n",
    "\n",
    "# Dane wejściowe i etykiety\n",
    "x = torch.tensor([[1.0], [2.0], [3.0]])\n",
    "y = torch.tensor([[2.0], [4.0], [6.0]])\n",
    "\n",
    "# Propagacja w przód\n",
    "output = model(x)\n",
    "loss = criterion(output, y)\n",
    "\n",
    "print(\"Loss before backward:\", loss)\n",
    "print(\"Gradient of weight before backward:\", model.linear.weight.grad)\n",
    "\n",
    "# Propagacja wsteczna\n",
    "loss.backward()\n",
    "\n",
    "print(\"Gradient of weight after backward:\", model.linear.weight.grad)\n",
    "\n",
    "# Aktualizacja parametrów\n",
    "optimizer.step()\n",
    "\n",
    "print(\"Weight after optimization step:\", model.linear.weight)"
   ]
  }
 ],
 "metadata": {
  "kernelspec": {
   "display_name": "reasoner",
   "language": "python",
   "name": "python3"
  },
  "language_info": {
   "codemirror_mode": {
    "name": "ipython",
    "version": 3
   },
   "file_extension": ".py",
   "mimetype": "text/x-python",
   "name": "python",
   "nbconvert_exporter": "python",
   "pygments_lexer": "ipython3",
   "version": "3.9.19"
  }
 },
 "nbformat": 4,
 "nbformat_minor": 2
}
